1 # bones
root
-1
0 0 0
1 # meshes
40_Mesh1_0.8_0_0_root_root
1 # uv layers
3 # textures
yharnamgun_d.png
0 # uv layer index
yharnamgun_n.png
0 # uv layer index
yharnamgun_m.png
0 # uv layer index
58 # vertices
0.0138 -0.04716 0.07620001
0.2691135 -0.9247464 -0.2691135
255 255 255 255
0.8239 0.2586
0 0 0
1 0 0
0 -0.04716 0.0705
0 -0.9247341 -0.380614
255 255 255 255
0.8277 0.2845
0 0 0
1 0 0
0 -0.03606 0.05394
0 -0.7092037 -0.7050036
255 255 255 255
0.8671 0.2868
0 0 0
1 0 0
-0.0138 -0.04716 0.07620001
-0.2691135 -0.9247464 -0.2691135
255 255 255 255
0.8239 0.2586
0 0 0
1 0 0
0 -0.05106 0.09
0 -1 0
255 255 255 255
0.79 0.2698
0 0 0
1 0 0
0.0255 -0.03606 0.0645
0.4985077 -0.709211 -0.4985077
255 255 255 255
0.8488 0.2442
0 0 0
1 0 0
-0.0255 -0.03606 0.0645
-0.4985077 -0.709211 -0.4985077
255 255 255 255
0.8488 0.2442
0 0 0
1 0 0
-0.0195 -0.04716 0.09
-0.380614 -0.9247341 0
255 255 255 255
0.8102 0.2413
0 0 0
1 0 0
0.0195 -0.04716 0.09
0.380614 -0.9247341 0
255 255 255 255
0.8102 0.2413
0 0 0
1 0 0
0 -0.0195 0.04284
0 -0.3845089 -0.9231213
255 255 255 255
0.9053 0.2745
0 0 0
1 0 0
-0.03606 -0.03606 0.09
-0.7050036 -0.7092037 0
255 255 255 255
0.8249 0.2208
0 0 0
1 0 0
-0.0138 -0.04716 0.1038
-0.2691135 -0.9247464 0.2691135
255 255 255 255
0.7894 0.2339
0 0 0
1 0 0
0.0138 -0.04716 0.1038
0.2691135 -0.9247464 0.2691135
255 255 255 255
0.7894 0.2339
0 0 0
1 0 0
0.03606 -0.03606 0.09
0.7050036 -0.7092037 0
255 255 255 255
0.8249 0.2208
0 0 0
1 0 0
-0.03336 -0.0195 0.05664
-0.6527408 -0.3845241 -0.6527408
255 255 255 255
0.8677 0.2282
0 0 0
1 0 0
-0.0255 -0.03606 0.1155
-0.4985077 -0.709211 0.4985077
255 255 255 255
0.7949 0.2054
0 0 0
1 0 0
0 -0.04716 0.1095
0 -0.9247341 0.380614
255 255 255 255
0.7626 0.239
0 0 0
1 0 0
0.0255 -0.03606 0.1155
0.4985077 -0.709211 0.4985077
255 255 255 255
0.7949 0.2054
0 0 0
1 0 0
-0.04716 -0.0195 0.09
-0.9231213 -0.3845089 0
255 255 255 255
0.8378 0.2028
0 0 0
1 0 0
0 -0.03606 0.12606
0 -0.7092037 0.7050036
255 255 255 255
0.7505 0.2006
0 0 0
1 0 0
-0.03336 -0.0195 0.12336
-0.6527408 -0.3845241 0.6527408
255 255 255 255
0.8043 0.1825
0 0 0
1 0 0
0.04716 -0.0195 0.09
0.9231213 -0.3845089 0
255 255 255 255
0.8378 0.2028
0 0 0
1 0 0
0.03336 -0.0195 0.12336
0.6527408 -0.3845241 0.6527408
255 255 255 255
0.8043 0.1825
0 0 0
1 0 0
0 -0.0195 0.13716
0 -0.3845089 0.9231213
255 255 255 255
0.7505 0.1618
0 0 0
1 0 0
-0.05106 0 0.09
-1 0 0
255 255 255 255
0.8498 0.1862
0 0 0
1 0 0
-0.03606 0 0.12606
-0.7071068 0 0.7071068
255 255 255 255
0.8159 0.1619
0 0 0
1 0 0
0.05106 0 0.09
1 0 0
255 255 255 255
0.8498 0.1862
0 0 0
1 0 0
0.03606 0 0.12606
0.7071068 0 0.7071068
255 255 255 255
0.8159 0.1619
0 0 0
1 0 0
-0.03606 0 0.05394
-0.7071068 0 -0.7071068
255 255 255 255
0.8838 0.2107
0 0 0
1 0 0
0 0 0.14106
0 0 1
255 255 255 255
0.7677 0.1273
0 0 0
1 0 0
-0.04716 0.0195 0.09
-0.9231213 0.3845089 0
255 255 255 255
0.8616 0.1697
0 0 0
1 0 0
0.04716 0.0195 0.09
0.9231213 0.3845089 0
255 255 255 255
0.8616 0.1697
0 0 0
1 0 0
-0.03336 0.0195 0.05664
-0.6527408 0.3845241 -0.6527408
255 255 255 255
0.8953 0.1899
0 0 0
1 0 0
0.03336 0.0195 0.12336
0.6527408 0.3845241 0.6527408
255 255 255 255
0.8317 0.1444
0 0 0
1 0 0
-0.03336 0.0195 0.12336
-0.6527408 0.3845241 0.6527408
255 255 255 255
0.8317 0.1444
0 0 0
1 0 0
0 0.0195 0.13716
0 0.3845089 0.9231213
255 255 255 255
0.7949 0.09990001
0 0 0
1 0 0
-0.0255 0.03606 0.0645
-0.4985077 0.709211 -0.4985077
255 255 255 255
0.9044 0.1668
0 0 0
1 0 0
-0.03606 0.03606 0.09
-0.7050036 0.7092037 0
255 255 255 255
0.8746 0.1516
0 0 0
1 0 0
-0.0255 0.03606 0.1155
-0.4985077 0.709211 0.4985077
255 255 255 255
0.8504 0.1281
0 0 0
1 0 0
0.0255 0.03606 0.1155
0.4985077 0.709211 0.4985077
255 255 255 255
0.8504 0.1281
0 0 0
1 0 0
0 0.03606 0.12606
0 0.7092037 0.7050036
255 255 255 255
0.8317 0.08749998
0 0 0
1 0 0
-0.0138 0.04716 0.07620001
-0.2691135 0.9247464 -0.2691135
255 255 255 255
0.9101 0.1386
0 0 0
1 0 0
-0.0195 0.04716 0.09
-0.380614 0.9247341 0
255 255 255 255
0.8893 0.1311
0 0 0
1 0 0
-0.0138 0.04716 0.1038
-0.2691135 0.9247464 0.2691135
255 255 255 255
0.8756 0.1138
0 0 0
1 0 0
0 0.04716 0.1095
0 0.9247341 0.380614
255 255 255 255
0.872 0.08679998
0 0 0
1 0 0
0.0138 0.04716 0.1038
0.2691135 0.9247464 0.2691135
255 255 255 255
0.8756 0.1138
0 0 0
1 0 0
0 0.05106 0.09
0 1 0
255 255 255 255
0.9099 0.103
0 0 0
1 0 0
0.0195 0.04716 0.09
0.380614 0.9247341 0
255 255 255 255
0.8893 0.1311
0 0 0
1 0 0
0 0.04716 0.0705
0 0.9247341 -0.380614
255 255 255 255
0.9359 0.1339
0 0 0
1 0 0
0.0138 0.04716 0.07620001
0.2691135 0.9247464 -0.2691135
255 255 255 255
0.9101 0.1386
0 0 0
1 0 0
0.03606 0.03606 0.09
0.7050036 0.7092037 0
255 255 255 255
0.8746 0.1516
0 0 0
1 0 0
0.0255 0.03606 0.0645
0.4985077 0.709211 -0.4985077
255 255 255 255
0.9044 0.1668
0 0 0
1 0 0
0 0.03606 0.05394
0 0.7092037 -0.7050036
255 255 255 255
0.9506 0.1706
0 0 0
1 0 0
0.03336 0.0195 0.05664
0.6527408 0.3845241 -0.6527408
255 255 255 255
0.8953 0.1899
0 0 0
1 0 0
0 0.0195 0.04284
0 0.3845089 -0.9231213
255 255 255 255
0.9511 0.2107
0 0 0
1 0 0
0.03606 0 0.05394
0.7071068 0 -0.7071068
255 255 255 255
0.8838 0.2107
0 0 0
1 0 0
0 0 0.03894001
0 0 -1
255 255 255 255
0.9333 0.2463
0 0 0
1 0 0
0.03336 -0.0195 0.05664
0.6527408 -0.3845241 -0.6527408
255 255 255 255
0.8677 0.2282
0 0 0
1 0 0
112 # faces
0 2 1
3 1 2
0 1 4
3 4 1
0 5 2
2 6 3
7 3 6
4 3 7
4 8 0
5 0 8
5 9 2
6 2 9
7 6 10
4 7 11
10 11 7
4 12 8
5 8 13
12 13 8
10 6 14
9 14 6
10 15 11
11 16 4
12 4 16
16 11 15
13 12 17
16 17 12
14 18 10
15 10 18
15 19 16
17 16 19
19 15 20
18 20 15
13 17 21
19 22 17
21 17 22
20 23 19
22 19 23
18 24 20
23 20 25
24 25 20
21 22 26
23 27 22
26 22 27
24 18 28
14 28 18
25 29 23
27 23 29
24 30 25
26 27 31
28 32 24
30 24 32
29 33 27
31 27 33
29 25 34
30 34 25
33 29 35
34 35 29
32 36 30
34 30 37
36 37 30
35 34 38
37 38 34
33 35 39
38 40 35
39 35 40
36 41 37
38 37 42
41 42 37
42 43 38
40 38 43
43 44 40
45 40 44
39 40 45
42 46 43
44 43 46
42 41 46
46 45 44
39 45 47
46 47 45
46 41 48
36 48 41
47 46 49
48 49 46
39 47 50
49 50 47
39 50 33
31 33 50
50 49 51
48 51 49
31 50 51
51 48 52
36 52 48
32 52 36
52 53 51
31 51 53
53 26 31
53 52 54
32 54 52
28 54 32
54 55 53
26 53 55
55 21 26
55 54 56
28 56 54
28 14 56
9 56 14
21 55 57
56 57 55
57 56 9
21 57 13
5 13 57
57 9 5
